{
 "cells": [
  {
   "cell_type": "markdown",
   "id": "166f3b67",
   "metadata": {},
   "source": [
    "# 1.3 By Classical Shadow\n",
    "\n",
    "## Basic Usage"
   ]
  },
  {
   "cell_type": "markdown",
   "id": "86beb579",
   "metadata": {},
   "source": [
    "### a. Import the instances\n"
   ]
  },
  {
   "cell_type": "code",
   "execution_count": 1,
   "id": "0fc71722",
   "metadata": {},
   "outputs": [],
   "source": [
    "from qurry import ShadowUnveil\n",
    "\n",
    "experiment_shadow = ShadowUnveil()"
   ]
  },
  {
   "cell_type": "markdown",
   "id": "d48d1d69",
   "metadata": {},
   "source": [
    "### b. Preparing quantum circuit\n"
   ]
  },
  {
   "cell_type": "code",
   "execution_count": 2,
   "id": "2e597e81",
   "metadata": {},
   "outputs": [],
   "source": [
    "from qiskit import QuantumCircuit\n",
    "from qurry.recipe import TrivialParamagnet, GHZ"
   ]
  },
  {
   "cell_type": "code",
   "execution_count": 3,
   "id": "9584bc4f",
   "metadata": {},
   "outputs": [
    {
     "name": "stdout",
     "output_type": "stream",
     "text": [
      "| trivial paramagnet in 8 qubits:\n",
      "     ┌───┐\n",
      "q_0: ┤ H ├\n",
      "     ├───┤\n",
      "q_1: ┤ H ├\n",
      "     ├───┤\n",
      "q_2: ┤ H ├\n",
      "     ├───┤\n",
      "q_3: ┤ H ├\n",
      "     ├───┤\n",
      "q_4: ┤ H ├\n",
      "     ├───┤\n",
      "q_5: ┤ H ├\n",
      "     ├───┤\n",
      "q_6: ┤ H ├\n",
      "     ├───┤\n",
      "q_7: ┤ H ├\n",
      "     └───┘\n"
     ]
    }
   ],
   "source": [
    "sample01 = TrivialParamagnet(8)\n",
    "print(\"| trivial paramagnet in 8 qubits:\")\n",
    "print(sample01)"
   ]
  },
  {
   "cell_type": "code",
   "execution_count": 4,
   "id": "ddd66f20",
   "metadata": {},
   "outputs": [
    {
     "name": "stdout",
     "output_type": "stream",
     "text": [
      "| GHZ in 8 qubits:\n",
      "     ┌───┐                                   \n",
      "q_0: ┤ H ├──■────────────────────────────────\n",
      "     └───┘┌─┴─┐                              \n",
      "q_1: ─────┤ X ├──■───────────────────────────\n",
      "          └───┘┌─┴─┐                         \n",
      "q_2: ──────────┤ X ├──■──────────────────────\n",
      "               └───┘┌─┴─┐                    \n",
      "q_3: ───────────────┤ X ├──■─────────────────\n",
      "                    └───┘┌─┴─┐               \n",
      "q_4: ────────────────────┤ X ├──■────────────\n",
      "                         └───┘┌─┴─┐          \n",
      "q_5: ─────────────────────────┤ X ├──■───────\n",
      "                              └───┘┌─┴─┐     \n",
      "q_6: ──────────────────────────────┤ X ├──■──\n",
      "                                   └───┘┌─┴─┐\n",
      "q_7: ───────────────────────────────────┤ X ├\n",
      "                                        └───┘\n"
     ]
    }
   ],
   "source": [
    "sample02 = GHZ(8)\n",
    "print(\"| GHZ in 8 qubits:\")\n",
    "print(sample02)"
   ]
  },
  {
   "cell_type": "code",
   "execution_count": 5,
   "id": "bf3a0988",
   "metadata": {},
   "outputs": [
    {
     "name": "stdout",
     "output_type": "stream",
     "text": [
      "| Custom circuit:\n",
      "     ┌───┐\n",
      "q_0: ┤ X ├\n",
      "     └───┘\n",
      "q_1: ─────\n",
      "     ┌───┐\n",
      "q_2: ┤ X ├\n",
      "     └───┘\n",
      "q_3: ─────\n",
      "     ┌───┐\n",
      "q_4: ┤ X ├\n",
      "     └───┘\n",
      "q_5: ─────\n",
      "     ┌───┐\n",
      "q_6: ┤ X ├\n",
      "     └───┘\n",
      "q_7: ─────\n",
      "          \n"
     ]
    }
   ],
   "source": [
    "sample03 = QuantumCircuit(8)\n",
    "sample03.x(range(0, 8, 2))\n",
    "print(\"| Custom circuit:\")\n",
    "print(sample03)"
   ]
  },
  {
   "cell_type": "markdown",
   "id": "25fc5d4c",
   "metadata": {},
   "source": [
    "### c. Execute the circuit\n"
   ]
  },
  {
   "cell_type": "markdown",
   "id": "6937e4ba",
   "metadata": {},
   "source": [
    "#### i. Directly input the circuit\n",
    "\n",
    "After executing, it will return a uuid of experiment. You can use this uuid to get the result of the experiment.\n"
   ]
  },
  {
   "cell_type": "code",
   "execution_count": 6,
   "id": "3135a9f2",
   "metadata": {},
   "outputs": [
    {
     "data": {
      "text/plain": [
       "'1e4c8f42-fa46-423a-bfc0-88e4d520cde0'"
      ]
     },
     "execution_count": 6,
     "metadata": {},
     "output_type": "execute_result"
    }
   ],
   "source": [
    "exp1 = experiment_shadow.measure(sample01, times=100, shots=4096)\n",
    "exp1"
   ]
  },
  {
   "cell_type": "markdown",
   "id": "4052ff26",
   "metadata": {},
   "source": [
    "Each experiment result will be stored in a container `.exps`.\n"
   ]
  },
  {
   "cell_type": "code",
   "execution_count": 7,
   "id": "a01a6c9f",
   "metadata": {},
   "outputs": [
    {
     "data": {
      "text/plain": [
       "<ShadowUnveilExperiment(exp_id=1e4c8f42-fa46-423a-bfc0-88e4d520cde0, \n",
       "  ShadowUnveilArguments(exp_name='experiment.N_U_100.qurshady_entropy', times=100, qubits_measured=[0, 1, 2, 3, 4, 5, 6, 7], registers_mapping={0: 0, 1: 1, 2: 2, 3: 3, 4: 4, 5: 5, 6: 6, 7: 7}, actual_num_qubits=8, unitary_located=[0, 1, 2, 3, 4, 5, 6, 7], random_unitary_seeds=None),\n",
       "  Commonparams(exp_id='1e4c8f42-fa46-423a-bfc0-88e4d520cde0', target_keys=[0], shots=4096, backend=<AerSimulator('aer_simulator')>, run_args={}, transpile_args={}, tags=(), save_location=PosixPath('.'), serial=None, summoner_id=None, summoner_name=None, datetimes=DatetimeDict({'build': '2025-06-20 05:02:56', 'run.001': '2025-06-20 05:02:56'})),\n",
       "  unused_args_num=0,\n",
       "  analysis_num=0))>"
      ]
     },
     "execution_count": 7,
     "metadata": {},
     "output_type": "execute_result"
    }
   ],
   "source": [
    "experiment_shadow.exps[exp1]"
   ]
  },
  {
   "cell_type": "code",
   "execution_count": 8,
   "id": "98b17ffb",
   "metadata": {},
   "outputs": [
    {
     "name": "stderr",
     "output_type": "stream",
     "text": [
      "WARNING:2025-06-20 05:02:57,158:jax._src.xla_bridge:909: An NVIDIA GPU may be present on this machine, but a CUDA-enabled jaxlib is not installed. Falling back to cpu.\n"
     ]
    },
    {
     "data": {
      "text/plain": [
       "<SUAnalysis(\n",
       "  serial=0,\n",
       "  SUAnalysisInput(shots=4096, num_qubits=8, selected_qubits=[0, 1, 2, 3], registers_mapping={0: 0, 1: 1, 2: 2, 3: 3, 4: 4, 5: 5, 6: 6, 7: 7}, bitstring_mapping={0: 0, 1: 1, 2: 2, 3: 3, 4: 4, 5: 5, 6: 6, 7: 7}, unitary_located=[0, 1, 2, 3, 4, 5, 6, 7]),\n",
       "  SUAnalysisContent(purity=0.5087923470681364, entropy=0.9748511242059003, and others)),\n",
       "  unused_args_num=3\n",
       "  )>"
      ]
     },
     "execution_count": 8,
     "metadata": {},
     "output_type": "execute_result"
    }
   ],
   "source": [
    "report01 = experiment_shadow.exps[exp1].analyze(\n",
    "    selected_qubits=[0, 1, 2, 3],\n",
    ")\n",
    "report01"
   ]
  },
  {
   "cell_type": "markdown",
   "id": "adbac124",
   "metadata": {},
   "source": [
    "The analysis result will be content following the structure of the experiment result. The analysis fields in the dictionary `main01`.\n",
    "\n",
    "```python\n",
    "expect_rho: np.ndarray[tuple[int, int], np.dtype[np.complex128]]\n",
    "\"\"\"The expectation value of Rho.\n",
    "Which is the esitmation of the density matrix on selected qubits,\n",
    "in other words, on selected susbsystem.\n",
    "\n",
    "It will be a 2D array with shape (2^n, 2^n),\n",
    "where n is the number of selected qubits.\n",
    "\"\"\"\n",
    "purity: float\n",
    "\"\"\"The purity calculated by classical shadow.\"\"\"\n",
    "entropy: float\n",
    "\"\"\"The entropy calculated by classical shadow.\"\"\"\n",
    "\n",
    "rho_m_dict: dict[int, np.ndarray[tuple[int, int], np.dtype[np.complex128]]]\n",
    "\"\"\"The dictionary of Rho M.\"\"\"\n",
    "classical_registers_actually: list[int]\n",
    "\"\"\"The list of the index of classical register respecting selected qubits.\"\"\"\n",
    "taking_time: float\n",
    "\"\"\"The time taken for the calculation.\"\"\"\n",
    "```\n"
   ]
  },
  {
   "cell_type": "code",
   "execution_count": null,
   "id": "04e837c4",
   "metadata": {},
   "outputs": [
    {
     "name": "stdout",
     "output_type": "stream",
     "text": [
      "| classical_registers_actually: [3, 2, 1, 0]\n",
      "| taking_time: 0.038497209548950195\n",
      "| mean_of_rho: [[0.06273987+0.00000000e+00j 0.06618164-1.29547119e-03j\n",
      "  0.05796021-1.89147949e-03j 0.07333374+3.26843262e-04j\n",
      "  0.04564545-3.96697998e-03j 0.05004547-2.37304688e-03j\n",
      "  0.0379715 -1.29364014e-03j 0.05358307-5.27343750e-04j\n",
      "  0.04146057+7.78198242e-05j 0.03422516-1.34307861e-03j\n",
      "  0.04256104-6.45446777e-04j 0.03667511-1.07940674e-03j\n",
      "  0.02223907+2.36206055e-03j 0.05266846+4.61425781e-04j\n",
      "  0.03545563-1.89514160e-03j 0.0531958 -7.91015625e-04j]\n",
      " [0.06618164+1.29547119e-03j 0.06147095+0.00000000e+00j\n",
      "  0.07125183+5.68542480e-04j 0.05871277+2.78869629e-03j\n",
      "  0.05029816+1.26342773e-04j 0.04410736+3.91571045e-03j\n",
      "  0.05104523+3.13110352e-04j 0.04093781+2.11761475e-03j\n",
      "  0.03220367-1.78253174e-03j 0.04456421-1.76239014e-03j\n",
      "  0.03398895-9.97009277e-04j 0.04860901-5.30090332e-04j\n",
      "  0.04525269+9.88769531e-05j 0.02029449-7.69042969e-04j\n",
      "  0.04983398-4.25170898e-03j 0.03189606-7.08618164e-04j]\n",
      " [0.05796021+1.89147949e-03j 0.07125183-5.68542480e-04j\n",
      "  0.06224915+0.00000000e+00j 0.0686261 +1.36871338e-03j\n",
      "  0.03876801-1.85394287e-03j 0.05158905-1.97753906e-03j\n",
      "  0.04443695+4.61334229e-03j 0.05287994+1.31835938e-03j\n",
      "  0.0435498 +2.40325928e-03j 0.0337088 -1.65618896e-03j\n",
      "  0.0434436 +1.08306885e-03j 0.0341098 +2.92510986e-03j\n",
      "  0.0350766 -3.29589844e-05j 0.05220703+1.77978516e-03j\n",
      "  0.02263458-3.30688477e-03j 0.051828  -8.73413086e-04j]\n",
      " [0.07333374-3.26843262e-04j 0.05871277-2.78869629e-03j\n",
      "  0.0686261 -1.36871338e-03j 0.06450684+0.00000000e+00j\n",
      "  0.04905121+5.10864258e-04j 0.03975677+8.98132324e-04j\n",
      "  0.04940826+2.79602051e-03j 0.04553558-3.78570557e-03j\n",
      "  0.03428558+3.04870605e-04j 0.04824646-2.16156006e-03j\n",
      "  0.03498871+3.44146729e-03j 0.04318542+1.15447998e-03j\n",
      "  0.04884521+1.97753906e-03j 0.03319794+7.58056641e-04j\n",
      "  0.05212463-1.03820801e-03j 0.02365631+1.57104492e-03j]\n",
      " [0.04564545+3.96697998e-03j 0.05029816-1.26342773e-04j\n",
      "  0.03876801+1.85394287e-03j 0.04905121-5.10864258e-04j\n",
      "  0.06251465+0.00000000e+00j 0.06684082+2.97546387e-04j\n",
      "  0.05747131+1.37695313e-03j 0.07241089-1.73309326e-03j\n",
      "  0.02218414-3.45520020e-03j 0.04919128+9.88769531e-05j\n",
      "  0.03408783+1.31835937e-03j 0.04904297+7.91015625e-04j\n",
      "  0.04291626-3.50646973e-04j 0.03499969+2.49664307e-03j\n",
      "  0.04546143+6.06994629e-04j 0.03410431-4.36706543e-04j]\n",
      " [0.05004547+2.37304688e-03j 0.04410736-3.91571045e-03j\n",
      "  0.05158905+1.97753906e-03j 0.03975677-8.98132324e-04j\n",
      "  0.06684082-2.97546387e-04j 0.06443176+0.00000000e+00j\n",
      "  0.07105408+2.95806885e-03j 0.05700439-5.67626953e-04j\n",
      "  0.05202576+4.61425781e-04j 0.02416168+1.22497559e-03j\n",
      "  0.05240479+7.91015625e-04j 0.03606537+1.31835938e-04j\n",
      "  0.03278046+2.05718994e-03j 0.04269104+2.32452393e-03j\n",
      "  0.03161591+7.33337402e-04j 0.04359924+3.26843262e-04j]\n",
      " [0.0379715 +1.29364014e-03j 0.05104523-3.13110352e-04j\n",
      "  0.04443695-4.61334229e-03j 0.04940826-2.79602051e-03j\n",
      "  0.05747131-1.37695313e-03j 0.07105408-2.95806885e-03j\n",
      "  0.06422119+0.00000000e+00j 0.06753845-2.87200928e-03j\n",
      "  0.03028107+1.81274414e-04j 0.0480542 -3.06518555e-03j\n",
      "  0.02290924+2.41149902e-03j 0.0493396 -1.03820801e-03j\n",
      "  0.04420898-1.58477783e-03j 0.0324234 +7.41577148e-05j\n",
      "  0.04288879-3.75366211e-05j 0.03300568-2.43072510e-03j]\n",
      " [0.05358307+5.27343750e-04j 0.04093781-2.11761475e-03j\n",
      "  0.05287994-1.31835938e-03j 0.04553558+3.78570557e-03j\n",
      "  0.07241089+1.73309326e-03j 0.05700439+5.67626953e-04j\n",
      "  0.06753845+2.87200928e-03j 0.0585907 +0.00000000e+00j\n",
      "  0.05141602+1.97753906e-04j 0.03393951-6.09741211e-04j\n",
      "  0.05256958-8.73413086e-04j 0.02192047-9.17358398e-04j\n",
      "  0.03319794+9.47570801e-04j 0.04376404+2.15606689e-03j\n",
      "  0.03368683-1.91436768e-03j 0.0438501 -9.87854004e-04j]\n",
      " [0.04146057-7.78198242e-05j 0.03220367+1.78253174e-03j\n",
      "  0.0435498 -2.40325928e-03j 0.03428558-3.04870605e-04j\n",
      "  0.02218414+3.45520020e-03j 0.05202576-4.61425781e-04j\n",
      "  0.03028107-1.81274414e-04j 0.05141602-1.97753906e-04j\n",
      "  0.06199829+0.00000000e+00j 0.06831848+5.28259277e-04j\n",
      "  0.05934448+1.65161133e-03j 0.07788208+1.78527832e-04j\n",
      "  0.04461273+5.20111084e-03j 0.05223724+2.34008789e-03j\n",
      "  0.03950409+2.47192383e-05j 0.05150665+8.07495117e-04j]\n",
      " [0.03422516+1.34307861e-03j 0.04456421+1.76239014e-03j\n",
      "  0.0337088 +1.65618896e-03j 0.04824646+2.16156006e-03j\n",
      "  0.04919128-9.88769531e-05j 0.02416168-1.22497559e-03j\n",
      "  0.0480542 +3.06518555e-03j 0.03393951+6.09741211e-04j\n",
      "  0.06831848-5.28259277e-04j 0.06458557+0.00000000e+00j\n",
      "  0.07589905-9.97009277e-04j 0.06036072-1.31469727e-03j\n",
      "  0.04856781+1.04919434e-03j 0.04577728-2.34100342e-03j\n",
      "  0.04639801-9.22851563e-04j 0.03792206-6.17980957e-04j]\n",
      " [0.04256104+6.45446777e-04j 0.03398895+9.97009277e-04j\n",
      "  0.0434436 -1.08306885e-03j 0.03498871-3.44146729e-03j\n",
      "  0.03408783-1.31835937e-03j 0.05240479-7.91015625e-04j\n",
      "  0.02290924-2.41149902e-03j 0.05256958+8.73413086e-04j\n",
      "  0.05934448-1.65161133e-03j 0.07589905+9.97009277e-04j\n",
      "  0.0612439 +0.00000000e+00j 0.06720337+2.26135254e-04j\n",
      "  0.04095978+1.21124268e-03j 0.05089691+2.81799316e-03j\n",
      "  0.0438327 -6.35650635e-03j 0.05022675-1.18652344e-03j]\n",
      " [0.03667511+1.07940674e-03j 0.04860901+5.30090332e-04j\n",
      "  0.0341098 -2.92510986e-03j 0.04318542-1.15447998e-03j\n",
      "  0.04904297-7.91015625e-04j 0.03606537-1.31835938e-04j\n",
      "  0.0493396 +1.03820801e-03j 0.02192047+9.17358398e-04j\n",
      "  0.07788208-1.78527832e-04j 0.06036072+1.31469727e-03j\n",
      "  0.06720337-2.26135254e-04j 0.06221619+0.00000000e+00j\n",
      "  0.05092987+9.55810547e-04j 0.03917999-9.06372070e-05j\n",
      "  0.05133636-3.49914551e-03j 0.04605194+3.43780518e-03j]\n",
      " [0.02223907-2.36206055e-03j 0.04525269-9.88769531e-05j\n",
      "  0.0350766 +3.29589844e-05j 0.04884521-1.97753906e-03j\n",
      "  0.04291626+3.50646973e-04j 0.03278046-2.05718994e-03j\n",
      "  0.04420898+1.58477783e-03j 0.03319794-9.47570801e-04j\n",
      "  0.04461273-5.20111084e-03j 0.04856781-1.04919434e-03j\n",
      "  0.04095978-1.21124268e-03j 0.05092987-9.55810547e-04j\n",
      "  0.06417908+0.00000000e+00j 0.06887878-3.50646973e-04j\n",
      "  0.05717468-1.34216309e-03j 0.07132324+5.90515137e-04j]\n",
      " [0.05266846-4.61425781e-04j 0.02029449+7.69042969e-04j\n",
      "  0.05220703-1.77978516e-03j 0.03319794-7.58056641e-04j\n",
      "  0.03499969-2.49664307e-03j 0.04269104-2.32452393e-03j\n",
      "  0.0324234 -7.41577148e-05j 0.04376404-2.15606689e-03j\n",
      "  0.05223724-2.34008789e-03j 0.04577728+2.34100342e-03j\n",
      "  0.05089691-2.81799316e-03j 0.03917999+9.06372070e-05j\n",
      "  0.06887878+3.50646973e-04j 0.05986694+0.00000000e+00j\n",
      "  0.07184509-1.07940674e-03j 0.05697144+3.38745117e-04j]\n",
      " [0.03545563+1.89514160e-03j 0.04983398+4.25170898e-03j\n",
      "  0.02263458+3.30688477e-03j 0.05212463+1.03820801e-03j\n",
      "  0.04546143-6.06994629e-04j 0.03161591-7.33337402e-04j\n",
      "  0.04288879+3.75366211e-05j 0.03368683+1.91436768e-03j\n",
      "  0.03950409-2.47192383e-05j 0.04639801+9.22851563e-04j\n",
      "  0.0438327 +6.35650635e-03j 0.05133636+3.49914551e-03j\n",
      "  0.05717468+1.34216309e-03j 0.07184509+1.07940674e-03j\n",
      "  0.05962341+0.00000000e+00j 0.06641235+1.42364502e-03j]\n",
      " [0.0531958 +7.91015625e-04j 0.03189606+7.08618164e-04j\n",
      "  0.051828  +8.73413086e-04j 0.02365631-1.57104492e-03j\n",
      "  0.03410431+4.36706543e-04j 0.04359924-3.26843262e-04j\n",
      "  0.03300568+2.43072510e-03j 0.0438501 +9.87854004e-04j\n",
      "  0.05150665-8.07495117e-04j 0.03792206+6.17980957e-04j\n",
      "  0.05022675+1.18652344e-03j 0.04605194-3.43780518e-03j\n",
      "  0.07132324-5.90515137e-04j 0.05697144-3.38745117e-04j\n",
      "  0.06641235-1.42364502e-03j 0.06556152+0.00000000e+00j]]\n",
      "| purity: 0.5087923470681364\n",
      "| entropy: 0.9748511242059003\n",
      "| estimate_of_given_operators: []\n",
      "| accuracy_prob_comp_delta: nan\n",
      "| num_of_estimators_k: 0\n",
      "| accuracy_predict_epsilon: nan\n",
      "| maximum_shadow_norm: nan\n",
      "| input: {'shots': 4096, 'num_qubits': 8, 'selected_qubits': [0, 1, 2, 3], 'registers_mapping': {0: 0, 1: 1, 2: 2, 3: 3, 4: 4, 5: 5, 6: 6, 7: 7}, 'bitstring_mapping': {0: 0, 1: 1, 2: 2, 3: 3, 4: 4, 5: 5, 6: 6, 7: 7}, 'unitary_located': [0, 1, 2, 3, 4, 5, 6, 7]}\n",
      "| header: {'serial': 0, 'datetime': '2025-06-20 05:02:57', 'log': {}}\n",
      "| shape ofexpect_rho:\n"
     ]
    },
    {
     "ename": "KeyError",
     "evalue": "'expect_rho'",
     "output_type": "error",
     "traceback": [
      "\u001b[31m---------------------------------------------------------------------------\u001b[39m",
      "\u001b[31mKeyError\u001b[39m                                  Traceback (most recent call last)",
      "\u001b[36mCell\u001b[39m\u001b[36m \u001b[39m\u001b[32mIn[9]\u001b[39m\u001b[32m, line 11\u001b[39m\n\u001b[32m      9\u001b[39m     \u001b[38;5;28mprint\u001b[39m(\u001b[33mf\u001b[39m\u001b[33m\"\u001b[39m\u001b[33m| \u001b[39m\u001b[38;5;132;01m{\u001b[39;00mk\u001b[38;5;132;01m}\u001b[39;00m\u001b[33m: \u001b[39m\u001b[38;5;132;01m{\u001b[39;00mv\u001b[38;5;132;01m}\u001b[39;00m\u001b[33m\"\u001b[39m)\n\u001b[32m     10\u001b[39m \u001b[38;5;28mprint\u001b[39m(\u001b[33m\"\u001b[39m\u001b[33m| shape ofexpect_rho:\u001b[39m\u001b[33m\"\u001b[39m)\n\u001b[32m---> \u001b[39m\u001b[32m11\u001b[39m \u001b[38;5;28mprint\u001b[39m(\u001b[43mmain01\u001b[49m\u001b[43m[\u001b[49m\u001b[33;43m\"\u001b[39;49m\u001b[33;43mexpect_rho\u001b[39;49m\u001b[33;43m\"\u001b[39;49m\u001b[43m]\u001b[49m.shape)\n",
      "\u001b[31mKeyError\u001b[39m: 'expect_rho'"
     ]
    }
   ],
   "source": [
    "main01, side_product01 = report01.export(jsonable=False)\n",
    "# you need to set jsonable=False to get the raw data\n",
    "# Otherwise, the data will be converted to JSON format,\n",
    "# which 'expect_rho' will be a string instead of a numpy array\n",
    "\n",
    "for k, v in main01.items():\n",
    "    if k == \"expect_rho\":\n",
    "        continue\n",
    "    print(f\"| {k}: {v}\")\n",
    "print(\"| shape of expect_rho:\")\n",
    "print(main01[\"expect_rho\"].shape)"
   ]
  },
  {
   "cell_type": "markdown",
   "id": "f67989e3",
   "metadata": {},
   "source": [
    "Also, `side_product` will contain a dictionary of `rho` from each group of random unitary,\n",
    "which is where `expect_rho` is calculated from.\n"
   ]
  },
  {
   "cell_type": "code",
   "execution_count": null,
   "id": "a3b11a9e",
   "metadata": {},
   "outputs": [
    {
     "name": "stdout",
     "output_type": "stream",
     "text": [
      "| rho_m_dict\n",
      "| length of rho_m_dict: 100\n",
      "| keys of rho_s_dict: dict_keys([0, 1, 2, 3, 4, 5, 6, 7, 8, 9, 10, 11, 12, 13, 14, 15, 16, 17, 18, 19, 20, 21, 22, 23, 24, 25, 26, 27, 28, 29, 30, 31, 32, 33, 34, 35, 36, 37, 38, 39, 40, 41, 42, 43, 44, 45, 46, 47, 48, 49, 50, 51, 52, 53, 54, 55, 56, 57, 58, 59, 60, 61, 62, 63, 64, 65, 66, 67, 68, 69, 70, 71, 72, 73, 74, 75, 76, 77, 78, 79, 80, 81, 82, 83, 84, 85, 86, 87, 88, 89, 90, 91, 92, 93, 94, 95, 96, 97, 98, 99])\n",
      "| rho_m_dict[0]:\n",
      "[[0.06616211+0.j         0.        +0.06115723j 0.19848633+0.j\n",
      "  0.        +0.18347168j 0.        +0.j         0.        +0.j\n",
      "  0.        +0.j         0.        +0.j         0.        +0.j\n",
      "  0.        +0.j         0.        +0.j         0.        +0.j\n",
      "  0.        +0.j         0.        +0.j         0.        +0.j\n",
      "  0.        +0.j        ]\n",
      " [0.        -0.06115723j 0.06616211+0.j         0.        -0.18347168j\n",
      "  0.19848633+0.j         0.        +0.j         0.        +0.j\n",
      "  0.        +0.j         0.        +0.j         0.        +0.j\n",
      "  0.        +0.j         0.        +0.j         0.        +0.j\n",
      "  0.        +0.j         0.        +0.j         0.        +0.j\n",
      "  0.        +0.j        ]\n",
      " [0.19848633+0.j         0.        +0.18347168j 0.06616211+0.j\n",
      "  0.        +0.06115723j 0.        +0.j         0.        +0.j\n",
      "  0.        +0.j         0.        +0.j         0.        +0.j\n",
      "  0.        +0.j         0.        +0.j         0.        +0.j\n",
      "  0.        +0.j         0.        +0.j         0.        +0.j\n",
      "  0.        +0.j        ]\n",
      " [0.        -0.18347168j 0.19848633+0.j         0.        -0.06115723j\n",
      "  0.06616211+0.j         0.        +0.j         0.        +0.j\n",
      "  0.        +0.j         0.        +0.j         0.        +0.j\n",
      "  0.        +0.j         0.        +0.j         0.        +0.j\n",
      "  0.        +0.j         0.        +0.j         0.        +0.j\n",
      "  0.        +0.j        ]\n",
      " [0.        +0.j         0.        +0.j         0.        +0.j\n",
      "  0.        +0.j         0.06011963+0.j         0.        -0.03497314j\n",
      "  0.18035889+0.j         0.        -0.10491943j 0.        +0.j\n",
      "  0.        +0.j         0.        +0.j         0.        +0.j\n",
      "  0.        +0.j         0.        +0.j         0.        +0.j\n",
      "  0.        +0.j        ]\n",
      " [0.        +0.j         0.        +0.j         0.        +0.j\n",
      "  0.        +0.j         0.        +0.03497314j 0.06011963+0.j\n",
      "  0.        +0.10491943j 0.18035889+0.j         0.        +0.j\n",
      "  0.        +0.j         0.        +0.j         0.        +0.j\n",
      "  0.        +0.j         0.        +0.j         0.        +0.j\n",
      "  0.        +0.j        ]\n",
      " [0.        +0.j         0.        +0.j         0.        +0.j\n",
      "  0.        +0.j         0.18035889+0.j         0.        -0.10491943j\n",
      "  0.06011963+0.j         0.        -0.03497314j 0.        +0.j\n",
      "  0.        +0.j         0.        +0.j         0.        +0.j\n",
      "  0.        +0.j         0.        +0.j         0.        +0.j\n",
      "  0.        +0.j        ]\n",
      " [0.        +0.j         0.        +0.j         0.        +0.j\n",
      "  0.        +0.j         0.        +0.10491943j 0.18035889+0.j\n",
      "  0.        +0.03497314j 0.06011963+0.j         0.        +0.j\n",
      "  0.        +0.j         0.        +0.j         0.        +0.j\n",
      "  0.        +0.j         0.        +0.j         0.        +0.j\n",
      "  0.        +0.j        ]\n",
      " [0.        +0.j         0.        +0.j         0.        +0.j\n",
      "  0.        +0.j         0.        +0.j         0.        +0.j\n",
      "  0.        +0.j         0.        +0.j         0.06213379+0.j\n",
      "  0.        -0.05529785j 0.18640137+0.j         0.        -0.16589355j\n",
      "  0.        +0.j         0.        +0.j         0.        +0.j\n",
      "  0.        +0.j        ]\n",
      " [0.        +0.j         0.        +0.j         0.        +0.j\n",
      "  0.        +0.j         0.        +0.j         0.        +0.j\n",
      "  0.        +0.j         0.        +0.j         0.        +0.05529785j\n",
      "  0.06213379+0.j         0.        +0.16589355j 0.18640137+0.j\n",
      "  0.        +0.j         0.        +0.j         0.        +0.j\n",
      "  0.        +0.j        ]\n",
      " [0.        +0.j         0.        +0.j         0.        +0.j\n",
      "  0.        +0.j         0.        +0.j         0.        +0.j\n",
      "  0.        +0.j         0.        +0.j         0.18640137+0.j\n",
      "  0.        -0.16589355j 0.06213379+0.j         0.        -0.05529785j\n",
      "  0.        +0.j         0.        +0.j         0.        +0.j\n",
      "  0.        +0.j        ]\n",
      " [0.        +0.j         0.        +0.j         0.        +0.j\n",
      "  0.        +0.j         0.        +0.j         0.        +0.j\n",
      "  0.        +0.j         0.        +0.j         0.        +0.16589355j\n",
      "  0.18640137+0.j         0.        +0.05529785j 0.06213379+0.j\n",
      "  0.        +0.j         0.        +0.j         0.        +0.j\n",
      "  0.        +0.j        ]\n",
      " [0.        +0.j         0.        +0.j         0.        +0.j\n",
      "  0.        +0.j         0.        +0.j         0.        +0.j\n",
      "  0.        +0.j         0.        +0.j         0.        +0.j\n",
      "  0.        +0.j         0.        +0.j         0.        +0.j\n",
      "  0.06158447+0.j         0.        +0.03973389j 0.18475342+0.j\n",
      "  0.        +0.11920166j]\n",
      " [0.        +0.j         0.        +0.j         0.        +0.j\n",
      "  0.        +0.j         0.        +0.j         0.        +0.j\n",
      "  0.        +0.j         0.        +0.j         0.        +0.j\n",
      "  0.        +0.j         0.        +0.j         0.        +0.j\n",
      "  0.        -0.03973389j 0.06158447+0.j         0.        -0.11920166j\n",
      "  0.18475342+0.j        ]\n",
      " [0.        +0.j         0.        +0.j         0.        +0.j\n",
      "  0.        +0.j         0.        +0.j         0.        +0.j\n",
      "  0.        +0.j         0.        +0.j         0.        +0.j\n",
      "  0.        +0.j         0.        +0.j         0.        +0.j\n",
      "  0.18475342+0.j         0.        +0.11920166j 0.06158447+0.j\n",
      "  0.        +0.03973389j]\n",
      " [0.        +0.j         0.        +0.j         0.        +0.j\n",
      "  0.        +0.j         0.        +0.j         0.        +0.j\n",
      "  0.        +0.j         0.        +0.j         0.        +0.j\n",
      "  0.        +0.j         0.        +0.j         0.        +0.j\n",
      "  0.        -0.11920166j 0.18475342+0.j         0.        -0.03973389j\n",
      "  0.06158447+0.j        ]]\n"
     ]
    }
   ],
   "source": [
    "for k, v in side_product01.items():\n",
    "    print(f\"| {k}\")\n",
    "\n",
    "print(\"| length of rho_m_dict:\", len(side_product01[\"rho_m_dict\"]))\n",
    "print(\"| keys of rho_s_dict:\", side_product01[\"rho_m_dict\"].keys())\n",
    "print(\"| shape of rho_m_dict[0]:\")\n",
    "print(side_product01[\"rho_m_dict\"][0].shape)"
   ]
  },
  {
   "cell_type": "markdown",
   "id": "80f78a90",
   "metadata": {},
   "source": [
    "#### ii. Add the circuits to container `.waves`, then call them later.\n",
    "\n",
    "Since we have executed an experiment, the circuit we input in `exp1` is stored in the container `.waves` with serial number `0`.\n"
   ]
  },
  {
   "cell_type": "code",
   "execution_count": null,
   "id": "e7e4b5fd",
   "metadata": {},
   "outputs": [
    {
     "data": {
      "text/plain": [
       "WaveContainer({\n",
       "  0: <qurry.recipe.simple.paramagnet.TrivialParamagnet object at 0x73df51a23d70>,\n",
       "  'ghz_8': <qurry.recipe.simple.cat.GHZ object at 0x73df4f7e3b00>})"
      ]
     },
     "execution_count": 11,
     "metadata": {},
     "output_type": "execute_result"
    }
   ],
   "source": [
    "experiment_shadow.waves"
   ]
  },
  {
   "cell_type": "markdown",
   "id": "c5dc7dc7",
   "metadata": {},
   "source": [
    "But we can also add the circuit to the container `.waves` with a custom name.\n",
    "The name should be unique, otherwise it will be overwritten.\n",
    "The method `add` will return the actual name of the circuit in the container.\n"
   ]
  },
  {
   "cell_type": "code",
   "execution_count": null,
   "id": "50325122",
   "metadata": {},
   "outputs": [
    {
     "name": "stdout",
     "output_type": "stream",
     "text": [
      "ghz_8\n",
      "     ┌───┐                                   \n",
      "q_0: ┤ H ├──■────────────────────────────────\n",
      "     └───┘┌─┴─┐                              \n",
      "q_1: ─────┤ X ├──■───────────────────────────\n",
      "          └───┘┌─┴─┐                         \n",
      "q_2: ──────────┤ X ├──■──────────────────────\n",
      "               └───┘┌─┴─┐                    \n",
      "q_3: ───────────────┤ X ├──■─────────────────\n",
      "                    └───┘┌─┴─┐               \n",
      "q_4: ────────────────────┤ X ├──■────────────\n",
      "                         └───┘┌─┴─┐          \n",
      "q_5: ─────────────────────────┤ X ├──■───────\n",
      "                              └───┘┌─┴─┐     \n",
      "q_6: ──────────────────────────────┤ X ├──■──\n",
      "                                   └───┘┌─┴─┐\n",
      "q_7: ───────────────────────────────────┤ X ├\n",
      "                                        └───┘\n"
     ]
    }
   ],
   "source": [
    "print(experiment_shadow.add(sample02, \"ghz_8\"))\n",
    "print(experiment_shadow.waves[\"ghz_8\"])"
   ]
  },
  {
   "cell_type": "markdown",
   "id": "d426d0bf",
   "metadata": {},
   "source": [
    "If there is a circuit with the same name, it will be replaced by the new one.\n"
   ]
  },
  {
   "cell_type": "code",
   "execution_count": null,
   "id": "62f0b726",
   "metadata": {},
   "outputs": [
    {
     "name": "stdout",
     "output_type": "stream",
     "text": [
      "ghz_8\n",
      "     ┌───┐\n",
      "q_0: ┤ X ├\n",
      "     └───┘\n",
      "q_1: ─────\n",
      "     ┌───┐\n",
      "q_2: ┤ X ├\n",
      "     └───┘\n",
      "q_3: ─────\n",
      "     ┌───┐\n",
      "q_4: ┤ X ├\n",
      "     └───┘\n",
      "q_5: ─────\n",
      "     ┌───┐\n",
      "q_6: ┤ X ├\n",
      "     └───┘\n",
      "q_7: ─────\n",
      "          \n"
     ]
    }
   ],
   "source": [
    "print(experiment_shadow.add(sample03, \"ghz_8\"))\n",
    "print(experiment_shadow.waves[\"ghz_8\"])"
   ]
  },
  {
   "cell_type": "markdown",
   "id": "7b79fe25",
   "metadata": {},
   "source": [
    "Otherwise, you will need to use `replace=\"duplicate\"` to prevent it from being replaced.\n"
   ]
  },
  {
   "cell_type": "code",
   "execution_count": null,
   "id": "a1d8b6ae",
   "metadata": {},
   "outputs": [
    {
     "name": "stdout",
     "output_type": "stream",
     "text": [
      "ghz_8.2\n",
      "     ┌───┐                                   \n",
      "q_0: ┤ H ├──■────────────────────────────────\n",
      "     └───┘┌─┴─┐                              \n",
      "q_1: ─────┤ X ├──■───────────────────────────\n",
      "          └───┘┌─┴─┐                         \n",
      "q_2: ──────────┤ X ├──■──────────────────────\n",
      "               └───┘┌─┴─┐                    \n",
      "q_3: ───────────────┤ X ├──■─────────────────\n",
      "                    └───┘┌─┴─┐               \n",
      "q_4: ────────────────────┤ X ├──■────────────\n",
      "                         └───┘┌─┴─┐          \n",
      "q_5: ─────────────────────────┤ X ├──■───────\n",
      "                              └───┘┌─┴─┐     \n",
      "q_6: ──────────────────────────────┤ X ├──■──\n",
      "                                   └───┘┌─┴─┐\n",
      "q_7: ───────────────────────────────────┤ X ├\n",
      "                                        └───┘\n"
     ]
    }
   ],
   "source": [
    "duplicated_case01 = experiment_shadow.add(sample02, \"ghz_8\", replace=\"duplicate\")\n",
    "print(duplicated_case01)\n",
    "print(experiment_shadow.waves[duplicated_case01])"
   ]
  },
  {
   "cell_type": "markdown",
   "id": "f38b4679",
   "metadata": {},
   "source": [
    "Now we have prepared the circuit and stored it in the container `.waves`.\n"
   ]
  },
  {
   "cell_type": "code",
   "execution_count": null,
   "id": "2a6e1e85",
   "metadata": {},
   "outputs": [
    {
     "data": {
      "text/plain": [
       "WaveContainer({\n",
       "  0: <qurry.recipe.simple.paramagnet.TrivialParamagnet object at 0x73df51a23d70>,\n",
       "  'ghz_8': <qiskit.circuit.quantumcircuit.QuantumCircuit object at 0x73df4f7e3bf0>,\n",
       "  'ghz_8.2': <qurry.recipe.simple.cat.GHZ object at 0x73df4f7e3b00>})"
      ]
     },
     "execution_count": 15,
     "metadata": {},
     "output_type": "execute_result"
    }
   ],
   "source": [
    "experiment_shadow.waves"
   ]
  },
  {
   "cell_type": "markdown",
   "id": "66a312be",
   "metadata": {},
   "source": [
    "Finally, we can execute the circuit and get the result.\n"
   ]
  },
  {
   "cell_type": "code",
   "execution_count": null,
   "id": "2d32257f",
   "metadata": {},
   "outputs": [
    {
     "data": {
      "text/plain": [
       "'73f52064-8458-4b97-b18f-c4b6f3bf9d22'"
      ]
     },
     "execution_count": 16,
     "metadata": {},
     "output_type": "execute_result"
    }
   ],
   "source": [
    "exp2 = experiment_shadow.measure(\"ghz_8.2\", times=100, shots=4096)\n",
    "exp2"
   ]
  },
  {
   "cell_type": "code",
   "execution_count": null,
   "id": "3490266c",
   "metadata": {},
   "outputs": [
    {
     "data": {
      "text/plain": [
       "<ShadowUnveilExperiment(exp_id=73f52064-8458-4b97-b18f-c4b6f3bf9d22, \n",
       "  ShadowUnveilArguments(exp_name='experiment.N_U_100.qurshady_entropy', times=100, qubits_measured=[0, 1, 2, 3, 4, 5, 6, 7], registers_mapping={0: 0, 1: 1, 2: 2, 3: 3, 4: 4, 5: 5, 6: 6, 7: 7}, actual_num_qubits=8, unitary_located=[0, 1, 2, 3, 4, 5, 6, 7], random_unitary_seeds=None),\n",
       "  Commonparams(exp_id='73f52064-8458-4b97-b18f-c4b6f3bf9d22', target_keys=['ghz_8.2'], shots=4096, backend=<BasicSimulator('basic_simulator')>, run_args={}, transpile_args={}, tags=(), default_analysis=[], save_location=PosixPath('.'), filename='', files={}, serial=None, summoner_id=None, summoner_name=None, datetimes=DatetimeDict({'build': '2025-05-22 16:56:51', 'run.001': '2025-05-22 16:56:51'})),\n",
       "  unused_args_num=0,\n",
       "  analysis_num=0))>"
      ]
     },
     "execution_count": 17,
     "metadata": {},
     "output_type": "execute_result"
    }
   ],
   "source": [
    "experiment_shadow.exps[exp2]"
   ]
  },
  {
   "cell_type": "code",
   "execution_count": null,
   "id": "3eec833e",
   "metadata": {},
   "outputs": [
    {
     "name": "stderr",
     "output_type": "stream",
     "text": [
      "/home/nccu/Documents/.homejupyter/qurryplayground/qurrium_docs/lib/python3.12/site-packages/qurry/process/classical_shadow/classical_shadow.py:458: RuntimeWarning: The imaginary part of the trace of Rho square is not zero. The imaginary part is 6.225228103069853e-37.method: einsum_aij_bji_to_ab_numpy, numpy_precomputed, Python\n",
      "  warnings.warn(\n"
     ]
    },
    {
     "data": {
      "text/plain": [
       "<ShadowUnveilAnalysis(\n",
       "  serial=0,\n",
       "  AnalysisInput(num_qubits=8, selected_qubits=[0, 1, 2, 3], registers_mapping={0: 0, 1: 1, 2: 2, 3: 3, 4: 4, 5: 5, 6: 6, 7: 7}, bitstring_mapping={0: 0, 1: 1, 2: 2, 3: 3, 4: 4, 5: 5, 6: 6, 7: 7}, shots=4096, unitary_located=[0, 1, 2, 3, 4, 5, 6, 7]),\n",
       "  AnalysisContent(purity=0.44492649603973733, entropy=1.1683610791632544, and others)),\n",
       "  unused_args_num=1\n",
       "  )>"
      ]
     },
     "execution_count": 18,
     "metadata": {},
     "output_type": "execute_result"
    }
   ],
   "source": [
    "report02 = experiment_shadow.exps[exp2].analyze(\n",
    "    selected_qubits=[0, 1, 2, 3],\n",
    ")\n",
    "report02"
   ]
  },
  {
   "cell_type": "code",
   "execution_count": null,
   "id": "8af56cc4",
   "metadata": {},
   "outputs": [
    {
     "name": "stdout",
     "output_type": "stream",
     "text": [
      "| purity: 0.44492649603973733\n",
      "| entropy: 1.1683610791632544\n",
      "| classical_registers_actually: [3, 2, 1, 0]\n",
      "| taking_time: 0.04080033302307129\n",
      "| input: {'num_qubits': 8, 'selected_qubits': [0, 1, 2, 3], 'registers_mapping': {0: 0, 1: 1, 2: 2, 3: 3, 4: 4, 5: 5, 6: 6, 7: 7}, 'bitstring_mapping': {0: 0, 1: 1, 2: 2, 3: 3, 4: 4, 5: 5, 6: 6, 7: 7}, 'shots': 4096, 'unitary_located': [0, 1, 2, 3, 4, 5, 6, 7]}\n",
      "| header: {'serial': 0, 'datetime': '2025-05-22 16:56:52', 'summoner': None, 'log': {}}\n",
      "| expect_rho:\n",
      "[[ 4.50743103e-01+0.00000000e+00j  9.67712402e-04-2.65136719e-03j\n",
      "   3.47442627e-03+4.00085449e-04j  3.40576172e-04-4.89990234e-03j\n",
      "   9.80529785e-04+8.62426758e-04j  5.79528809e-04-2.19177246e-03j\n",
      "  -4.31213379e-04-7.96508789e-05j  6.59179687e-04-2.12585449e-03j\n",
      "  -6.16149902e-04-3.62548828e-04j  1.97753906e-04-8.70666504e-04j\n",
      "  -5.11413574e-03-1.38427734e-03j  2.05993652e-03-1.10412598e-03j\n",
      "  -2.00225830e-03-7.80029297e-04j -1.58203125e-03+9.14611816e-04j\n",
      "  -1.82922363e-03-1.81274414e-03j -1.82922363e-03-2.76855469e-03j]\n",
      " [ 9.67712402e-04+2.65136719e-03j  1.13539734e-01+0.00000000e+00j\n",
      "  -6.04248047e-04-9.88769531e-05j -1.79351807e-03+1.76788330e-03j\n",
      "   2.11486816e-04+1.82373047e-03j -5.79528809e-04+8.07495117e-04j\n",
      "   1.02172852e-03+3.90563965e-03j  1.59576416e-03-1.54632568e-03j\n",
      "  -5.98754883e-04-1.01348877e-03j  4.82482910e-04+8.07495117e-04j\n",
      "   6.92138672e-04-6.75659180e-04j  3.48815918e-03+1.17004395e-03j\n",
      "   1.58203125e-03+1.29364014e-03j  8.48693848e-04+9.33837891e-04j\n",
      "  -1.08764648e-03+2.07641602e-03j  9.88769531e-05+3.62548828e-04j]\n",
      " [ 3.47442627e-03-4.00085449e-04j -6.04248047e-04+9.88769531e-05j\n",
      "   1.26358032e-02+0.00000000e+00j  2.75573730e-04+1.24328613e-03j\n",
      "  -1.78802490e-03-3.87268066e-04j -2.14233398e-04+3.29589844e-05j\n",
      "   7.55310059e-04-1.20849609e-04j -1.62048340e-04+1.87866211e-03j\n",
      "   2.29064941e-03-2.25219727e-04j  3.62548828e-03+7.58056641e-04j\n",
      "  -9.34753418e-04+1.08215332e-03j -1.43371582e-03-4.42199707e-04j\n",
      "  -1.02172852e-03-5.27343750e-04j  1.48315430e-04+7.91015625e-04j\n",
      "   2.10113525e-03-4.99877930e-04j -1.92810059e-03-5.19104004e-04j]\n",
      " [ 3.40576172e-04+4.89990234e-03j -1.79351807e-03-1.76788330e-03j\n",
      "   2.75573730e-04-1.24328613e-03j -7.99349976e-02+0.00000000e+00j\n",
      "   7.08618164e-04-4.28466797e-04j -9.06372070e-05-2.05993652e-04j\n",
      "  -6.28967285e-04-1.65344238e-03j  1.30462646e-03+3.84521484e-04j\n",
      "   1.30187988e-03+3.29589844e-04j -1.82922363e-03+3.51562500e-04j\n",
      "  -7.14111328e-04+2.54608154e-03j  6.50024414e-05-2.26318359e-03j\n",
      "  -2.57080078e-03+1.68090820e-03j -1.17004395e-03+2.43896484e-03j\n",
      "   1.23596191e-03+4.53186035e-04j -2.66143799e-03+2.30163574e-03j]\n",
      " [ 9.80529785e-04-8.62426758e-04j  2.11486816e-04-1.82373047e-03j\n",
      "  -1.78802490e-03+3.87268066e-04j  7.08618164e-04+4.28466797e-04j\n",
      "   4.39541626e-02+0.00000000e+00j  2.26959229e-03+1.53442383e-03j\n",
      "  -1.85943604e-03-1.65710449e-04j -1.04370117e-04+2.43347168e-03j\n",
